Tempo	Controle	Problema Motor
0	2,284907285	-3,99026474
0,02	1,56513091	-4,2627277
0,04	1,00156122	-4,44729967
0,06	-0,566632485	-4,50882344
0,08	-1,48855885	-4,59671476
0,1	-3,228273905	-4,5703471
0,12	-4,278841225	-4,2627277
0,14	-4,33397303	-3,80276325
0,16	-3,29259444	-3,56838658
0,18	-2,416611035	-3,0439684
0,2	-2,54525199	-2,71584115
0,22	-3,49168129	-1,92188964
0,24	-4,05218807	-1,04883614
0,26	-4,958800345	-0,62695787
0,28	-5,513181305	0,140626079
0,3	-5,74596005	0,495120956
0,32	-6,168637145	1,06641436
0,34	-6,1226943	1,13086787
0,36	-5,1548244	0,96680419
0,38	-3,98480474	0,717778886
0,4	-3,54681321	0,890631786
0,42	-2,52074894	1,0459064
0,44	-1,83466423	1,3212991
0,46	-0,51150068	1,3447368
0,48	0,3062878375	1,13672735
0,5	0,618701426	0,914069475
0,52	1,28947177	0,823248426
0,54	1,61413701	0,694341197
0,56	1,92961352	0,659184724
0,58	1,04750441	0,62695787
0,6	0,62176429	0,659184724
0,62	0,8974233725	0,7002006
0,64	1,49468467	0,808599935
0,66	2,77803085	0,85547528
0,68	2,96180338	0,914069475
0,7	2,52074894	0,93750712
0,72	1,58963396	0,94922597
0,74	1,3476666	0,94922597
0,76	0,9372408	0,925788325
0,78	0,327727989	0,858404965
0,8	0,03981741945	0,814459294
0,82	-0,1072007414	0,79102166
0,84	0,471683287	0,73535715
0,86	0,851480171	0,708989754
0,88	1,26803163	0,679692706
0,9	1,24659149	0,682622413
0,92	0,903549135	0,68555212
0,94	0,508437816	0,7002006
0,96	0,376734043	0,71484919
0,98	0,2480931455	0,73242741
1	0,238904519	0,80274051
1,02	0,376734043	0,85547528
1,04	0,71671358	0,984382487
1,06	0,9096748975	1,13379761
1,08	1,22208844	1,21582956
1,1	1,32316355	1,41797953
1,12	1,399735495	1,53223829
1,14	1,43649007	1,75489622
1,16	1,525313425	2,03028892
1,18	1,80097245	2,18849323
1,2	1,914299085	2,46681567
1,22	2,12257478	2,57521495
1,24	2,526874645	2,70119256
1,26	2,68308156	2,70998167
1,28	2,689207265	2,70119256
1,3	2,82703695	2,5869338
1,32	3,647888205	2,41701053
1,34	4,24208665	1,98634326
1,36	4,40748218	1,41504979
1,38	4,46873946	1,042976715
1,4	3,5437503	0,272463004
1,42	3,00774657	-0,105469551
1,44	2,22671257	-0,8730535
1,46	1,666205905	-1,57325421
1,48	0,4226772445	-1,84278754
1,5	-0,55744387	-2,3906432
1,52	-1,240465785	-2,70705193
1,54	-2,897482845	-3,3105721
1,56	-3,67545405	-3,86428713
1,58	-4,68926691	-4,11038287
1,6	-4,8424108	-4,55569873
1,62	-4,60350635	-4,8896859
1,64	-4,0613768	-4,959999
1,66	-4,05831389	-5,0156634
1,68	-4,60044367	-5,02152266
1,7	-5,44273495	-4,74612974
1,72	-5,86234925	-4,17190686
1,74	-6,520868	-3,8232711
1,76	-6,7077039	-2,99123374
1,78	-6,8914762	-2,51076133
1,8	-6,187014375	-1,46485493
1,82	-5,4090434	-0,366213716
1,84	-4,321721505	0,166993464
1,86	-4,015433495	1,15137594
1,88	-2,12257478	1,41212005
1,9	1,2496544	1,14551646
1,92	2,318599065	1,00489048
1,94	2,416611035	1,18360275
1,96	1,73358912	1,41504979
1,98	1,577382435	1,38868235
2	1,127139265	1,24805637
2,02	1,13632788	0,99317163
2,04	2,113386165	0,881842654
2,06	3,46717824	0,77930281
2,08	3,770403455	0,76758396
2,1	2,94342615	0,796881096
2,12	2,18995811	0,89942094
2,14	1,53756495	0,96094482
2,16	1,29253468	1,054695554
2,18	0,906612045	1,081062895
2,2	0,024503027	1,08692232
2,22	-0,2664704215	1,06641436
2,24	-0,364482518	1,042976715
2,26	0,77797109	0,98145278
2,28	1,5130619	0,93164775
2,3	2,16239215	0,90821005
2,32	2,015373965	0,837896983
2,34	1,19452248	0,796881096
2,36	0,388985545	0,73535715
2,38	0,1592696755	0,71484919
2,4	0,05513181075	0,71191945
2,42	0,1592696755	0,71484919
2,44	0,58500983	0,720708593
2,46	0,973995375	0,74414626
2,48	1,07507037	0,79102166
2,5	1,234339965	0,82031873
2,52	1,34460369	0,8730535
2,54	1,31397482	0,893561504
2,56	1,16695675	0,96094482
2,58	1,151642315	1,06348462
2,6	1,29253468	1,12500861
2,62	1,49468467	1,28321292
2,64	1,6110741	1,39161209
2,66	2,012311055	1,64649683
2,68	2,257341325	1,9423976
2,7	2,48399425	2,10939113
2,72	2,75046489	2,46388593
2,74	3,0659414	2,61623087
2,76	3,66626555	2,8154511
2,78	3,82859817	2,83009958
2,8	3,862289835	2,80373214
2,82	3,488618495	2,75685685
2,84	3,23746252	2,5869338
2,86	2,77496794	2,02149981
2,88	2,27571867	1,38868235
2,9	0,3124136	0,97852304
2,92	-0,75959386	0,172852867
2,94	-0,96480676	-0,612309346
2,96	-2,137889215	-1,03418755
2,98	-2,90667146	-1,69630197
3	-3,98786765	-1,95411645
3,02	-4,162451795	-2,5781448
3,04	-4,092005555	-3,18752434
3,06	-3,94192446	-3,4599873
3,08	-4,0215592	-3,98440537
3,1	-4,24514956	-4,21585252
3,12	-4,952674525	-4,64651957
3,14	-5,36309975	-4,986366
3,16	-6,1226943	-5,0830461
3,18	-6,248272	-5,13871105
3,2	-5,865412275	-5,09769513
3,22	-4,89754295	-4,87210757
3,24	-4,686204	-4,47659685
3,26	-4,42585941	-4,17776623
3,28	-3,350789155	-3,31350173
3,3	-2,667767125	-2,74806796
3,32	-1,418112725	-1,47950341
3,34	-0,71671358	-0,2988304
3,36	0,820851439	0,205079677
3,38	1,44567857	1,07813321
3,4	1,33847787	1,35059628
3,42	0,569695395	1,2187593
3,44	0,3614196425	0,720708593
3,46	1,53756495	0,68848175
3,48	3,3691665	0,97266367
3,5	3,880667065	1,18360275
3,52	3,21602238	1,45606571
3,54	2,0796945	1,29786151
3,56	0,53600373	1,20997008
3,58	0,71671358	1,12207887
3,6	0,71671358	1,08985206
3,62	0,1592696755	1,08985206
3,64	-0,2664704215	1,13379761
3,66	-0,9464294495	1,16895416
3,68	-0,502312065	1,20997008
3,7	0,1194522595	1,18360275
3,72	1,24659149	1,13965709
3,74	1,49162176	1,02832818
3,76	1,206774005	0,99317163
3,78	0,44411735	0,96973393
3,8	0,1470181735	0,93750712
3,82	-0,0888234815	0,91113979
3,84	0,03369166385	0,85254554
3,86	0,1776469515	0,834967276
3,88	0,526815092	0,82910784
3,9	0,71671358	0,84082669
3,92	1,11488774	0,846686115
3,94	1,378295355	0,86719413
3,96	1,41198702	0,88477235
3,98	1,38135815	0,9199289
4	1,424238545	0,955085373
4,02	1,690708955	0,97852304
4,04	1,908173265	1,01367959
4,06	2,033751195	1,031257865
4,08	2,389045075	1,07520347
4,1	2,48399425	1,15430557
4,12	2,477868545	1,20411071
4,14	2,431925355	1,35352602
4,16	2,35535341	1,45899545
4,18	2,16545506	1,74024763
4,2	2,012311055	2,0683751
4,22	1,1302021175	2,26759522
4,24	-0,2113386165	2,66896575
4,26	-0,82697719	2,8857642
4,28	-2,235901185	2,9326396
4,3	-3,70302001	2,95314745
4,32	-4,22064651	2,94435834
4,34	-4,582066095	2,56056636
4,36	-4,4227965	1,91310042
4,38	-3,35997777	1,65235631
4,4	-2,4594912	0,89942094
4,42	-2,689207265	0,477542681
4,44	-4,211457895	-0,249025337
4,46	-4,922046	-1,13086787
4,48	-5,4182319	-1,52051944
4,5	-5,02005797	-2,10939113
4,52	-4,698455755	-2,44337797
4,54	-3,58356767	-3,1142815
4,56	-2,51462312	-3,62991057
4,58	0,1837727025	-3,85842776
4,6	1,04750441	-4,28323566
4,62	0,58194692	-4,49417507
4,64	0,04288029955	-4,8984749
4,66	0,44718026	-5,09769513
4,68	1,332352165	-5,1064838
4,7	0,80247414	-5,0098037
4,72	0,2664704215	-4,83109165
4,74	-0,24503027	-4,27737618
4,76	-0,1470181735	-3,75881759
4,78	0,272596184	-3,4599873
4,8	0,471683287	-2,64552805
4,82	0,4257400855	-2,15040694
4,84	0,1592696755	-1,10450065
4,86	-0,0122515135	-0,0644536167
4,88	-0,367545405	0,457034743
4,9	-0,58500983	1,23340778
4,92	-0,6033870255	1,007820176
4,94	-0,4931234155	0,75000574
4,96	-0,3032249505	0,764654264
4,98	-0,22359013	0,96680419
5	-0,1807098155	1,26856433
5,02	-0,2174643675	1,25391585
5,04	-0,3032249505	1,14258672
5,06	-0,327727989	0,881842654
5,08	-0,327727989	0,785162246
5,1	-0,3062878375	0,670903574
5,12	-0,2603446705	0,682622413
5,14	-0,03062878375	0,72656804
5,16	0,186835578	0,82031873
5,18	0,2113386165	0,870123815
5,2	0,1592696755	0,975593355
5,22	0,1562068	1,019539026
5,24	0,33385374	1,007820176
5,26	0,71671358	0,943366523
5,28	0,931115049	0,902350636
5,3	1,304786205	0,83203758
5,32	1,418112725	0,79102166
5,34	1,49468467	0,76758396
5,36	1,577382435	0,706060036
5,38	1,67539452	0,67676301
5,4	1,6110741	0,667973856
5,42	1,21902553	0,7002006
5,44	-0,05206893525	0,720708593
5,46	-1,393609675	0,76758396
5,48	-1,990870915	0,785162246
5,5	-2,65857851	0,81738899
5,52	-1,78259522	0,85547528
5,54	-1,02606427	0,88477235
5,56	-0,523752205	0,99024189
5,58	-0,949492325	1,14551646
5,6	-2,287970195	1,22461867
5,62	-2,89442005	1,4004012
5,64	-2,839288475	1,50294111
5,66	-2,456428405	1,74317737
5,68	-2,278781465	2,02442944
5,7	-2,24815271	2,18556349
5,72	-2,48399425	2,484394
5,74	-2,49624589	2,5781448
5,76	-2,09807173	2,6103715
5,78	-1,647828675	2,43458886
5,8	-0,456368875	2,27931407
5,82	-0,058194692	1,8398578
5,84	-0,526815092	1,61719987
5,86	-1,73971494	1,17481364
5,88	-1,75502926	0,506839795
5,9	-0,3706082805	0,111328976
5,92	0,701399191	-0,624028185
5,94	0,66770748	-0,93750712
5,96	0,560506734	-1,52930855
5,98	0,69221053	-2,07423458
6	0,634015815	-2,33790832
6,02	0,2021499785	-2,8388888
6,04	0,1010749904	-3,04982788
6,06	0,082697719	-3,3984632
6,08	-0,05513181075	-3,6474889
6,1	-0,174584076	-3,74416922
6,12	-0,275659071	-3,90530316
6,14	-0,189898465	-3,9551083
6,16	0,143955298	-3,94338934
6,18	0,44718026	-3,73830985
6,2	0,5941983875	-3,56545684
6,22	0,9862468195	-3,10842213
6,24	1,16389384	-2,48732363
6,26	1,500810375	-2,14161783
6,28	2,21446116	-1,41504979
6,3	2,554440605	-1,031257865
6,32	2,88829423	-0,105469551
6,34	2,93423742	0,808599935
6,36	2,784156555	0,905280343
6,38	2,284907285	0,471683267
6,4	1,89898465	0,348635452
6,42	1,11182483	0,50098037
6,44	0,8759832095	0,656255017
6,46	0,1837727025	0,66211442
6,48	-1,620262715	0,5976608
6,5	-2,713710315	0,56543399
6,52	-4,392167745	0,483402106
6,54	-4,76890165	0,413089072
6,56	-4,15020027	0,401370255
6,58	-2,7627163	0,421878204
6,6	-2,480931455	0,43652675
6,62	-2,765779325	0,421878204
6,64	-3,15170196	0,37207313
6,66	-4,039936545	0,348635452
6,68	-4,6188209	0,345705745
6,7	-4,75052465	0,380862273
6,72	-4,698455755	0,462894168
6,74	-3,93273573	0,43652675
6,76	-3,38141791	0,37500287
6,78	-2,618761025	0,202149981
6,8	-2,232838275	0,1230478106
6,82	-0,6646446275	0,011718839
6,84	1,0413786705	-0,00292970986
6,86	1,592696755	0,00292970986
6,88	2,0306884	0,0263673872
6,9	1,966367865	-0,0175782596
6,92	1,154705225	-0,0673833237
6,94	0,640141589	-0,169923171
6,96	1,19758539	-0,199220274
6,98	2,790282375	-0,193360849
7	3,2221482	-0,143555775
7,02	3,0261238	-0,099610137
7,04	1,862230075	0,0058594195
7,06	1,27415745	0,055664488
7,08	0,793285525	0,1289072334
7,1	0,750405199	0,172852867
7,12	0,471683287	0,18164201
7,14	-0,04594317505	0,184571717
7,16	-0,229715881	0,190431142
7,18	-0,162332551	0,208009395
7,2	0,1010749904	0,231447084
7,22	0,768782475	0,251955044
7,24	1,121013445	0,269533297
7,26	1,154705225	0,26660359
7,28	1,044441546	0,26660359
7,3	0,793285525	0,260744176
7,32	0,661581775	0,249025337
7,34	0,496186291	0,219728234
7,36	0,4747461625	0,210939102
7,38	0,5329408545	0,205079677
7,4	0,679959005	0,190431142
7,42	0,80247414	0,196290567
7,44	1,065881709	0,251955044
7,46	1,157768135	0,301760107
7,48	1,20371121	0,398440548
7,5	1,07507037	0,492191238
7,52	0,98012108	0,550785466
7,54	0,833102964	0,667973856
7,56	0,80553705	0,773443396
7,58	0,839228715	0,808599935
7,6	0,96480676	0,81738899
7,62	1,081196075	0,788091953
7,64	1,43036425	0,697270904
7,66	1,60801119	0,60937965
7,68	1,889796035	0,577152807
7,7	2,180769495	0,495120956
7,72	2,321661975	0,439456468
7,74	2,438051175	0,31054925
7,76	2,49624589	0,1494152
7,78	2,99243225	0,0410159387
7,8	3,67545405	-0,228517366
7,82	3,831660965	-0,380862273
7,84	3,82553526	-0,667973856
7,86	3,81328385	-0,963874505
7,88	3,767340545	-1,12207887
7,9	3,28646862	-1,45020634
7,92	2,84235127	-1,62891861
7,94	1,44261566	-1,97169467
7,96	-0,049006054	-2,27931407
7,98	-0,5421294925	-2,40822142
8	-1,748903555	-2,61330124
8,02	-2,5084973	-2,69240345
8,04	-3,834723875	-2,81838073
8,06	-4,6463864	-2,92385038
8,08	-4,77809015	-2,9648663
8,1	-4,686204	-2,95900693
8,12	-4,61575776	-2,91213153
8,14	-4,72908405	-2,74220848
8,16	-5,2926542	-2,5400584
8,18	-5,69695395	-2,46388593
8,2	-6,42898185	-2,2822437
8,22	-6,60050297	-1,98341352
8,24	-6,78121305	-1,82520921
8,26	-6,928230775	-1,48829252
8,28	-6,5606856	-1,30079114
8,3	-4,9496115	-0,902350636
8,32	-4,33397303	-0,483402106
8,34	-3,693831395	-0,27832244
8,36	-1,80097245	0,155274614
8,38	-0,3522310275	0,389651416
8,4	1,8744816	0,62695787
8,42	2,364542025	0,37500287
8,44	2,42579965	0,26660359
8,46	1,77953231	0,369143434
8,48	1,356855215	0,530277495
8,5	0,6248272	0,84082669
8,52	0,7534680745	0,86133465
8,54	1,0566930595	0,796881096
8,56	2,09807173	0,694341197
8,58	2,8025339	0,647465874
8,6	3,4947442	0,547855726
8,62	2,6463271	0,483402106
8,64	1,94799075	0,465823875
8,66	1,16695675	0,45996445
8,68	1,124076355	0,465823875
8,7	0,903549135	0,477542681
8,72	0,168458325	0,46875356
8,74	-0,189898465	0,465823875
8,76	-0,5298779675	0,483402106
8,78	-0,395111319	0,50098037
8,8	0,5298779675	0,518558645
8,82	1,372169535	0,52441807
8,84	1,503873285	0,536136876
8,86	1,28947177	0,568363675
8,88	1,035252885	0,58301221
8,9	0,5206893295	0,58301221
8,92	0,2052128655	0,591801364
8,94	0,1470181735	0,60644991
8,96	0,2664704215	0,6210985
8,98	0,4257400855	0,5976608
9	0,771845385	0,577152807
9,02	1,0413786705	0,55957462
9,04	1,16695675	0,553715184
9,06	1,399735495	0,536136876
9,08	1,38442106	0,509769513
9,1	1,280283155	0,495120956
9,12	1,212899825	0,48926152
9,14	1,329289255	0,50098037
9,16	1,60801119	0,53320718
9,18	1,748903555	0,547855726
9,2	1,846915755	0,547855726
9,22	2,21752407	0,547855726
9,24	2,42579965	0,54199629
9,26	2,5483149	0,52441807
9,28	2,42579965	0,52441807
9,3	2,5084973	0,536136876
9,32	2,95874047	0,580082514
9,34	3,19764515	0,615239053
9,36	3,68770569	0,682622413
9,38	4,0215592	0,76758396
9,4	3,880667065	0,83203758
9,42	3,17620501	0,984382487
9,44	2,88523132	1,069344045
9,46	2,11951187	1,23926726
9,48	0,630952951	1,40333094
9,5	0,0275659048	1,48536289
9,52	-0,69221053	1,67872364
9,54	-1,0781332225	1,93360849
9,56	-2,137889215	2,08009395
9,58	-3,44880101	2,30861125
9,6	-3,929672935	2,37306487
9,62	-4,30946998	2,45216708
9,64	-4,3155958	2,40822142
9,66	-4,19920637	2,3437678
9,68	-3,96642751	2,10646139
9,7	-4,042999455	1,88087361
9,72	-4,612695195	1,33301795
9,74	-5,34472275	0,70313034
9,76	-5,6050678	0,37500287
9,78	-5,798028945	-0,246095619
9,8	-5,80415465	-0,577152807
9,82	-5,709205705	-1,22461867
9,84	-4,72295823	-1,91017079
9,86	-3,94805005	-2,26759522
9,88	-2,698395995	-2,90334242
9,9	-2,159329355	-3,19338382
9,92	-0,82697719	-3,73245037
9,94	0,450243124	-4,1601879
9,96	1,016875655	-4,34768928
9,98	2,10113464	-4,6787466
10	2,431925355	-4,8223021
10,02	2,2450898	-5,02738203
10,04	1,51918772	-5,00101437
10,06	1,17001966	-4,8428105
10,08	0,728965036	-4,3652675
10,1	0,704462055	-4,11917209
10,12	1,02606427	-3,41604164
10,14	1,65701729	-2,3291191
10,16	1,822412705	-1,73731789
10,18	1,372169535	-0,553715184
10,2	1,038315795	0,58594195
10,22	1,0781332225	1,09571143
10,24	1,24659149	1,53223829
10,26	1,053630184	1,35645565
10,28	0,309350713	0,870123815
10,3	-0,1807098155	0,93750712
10,32	-0,199087103	1,08985206
10,34	0,1347666531	1,3447368
10,36	0,4379916105	1,35352602
10,38	0,952555235	1,13672735
10,4	0,96174385	0,93457749
10,42	0,80247414	0,85547528
10,44	0,40123707	0,697270904
10,46	0,2144014805	0,65039557
10,48	-0,06738332655	0,6445362
10,5	-0,153143913	0,71191945
10,52	-0,082697719	0,76758396
10,54	0,22359013	0,88477235
10,56	0,388985545	0,92871801
10,58	0,572758259	0,952155666
10,6	0,591135535	0,96973393
10,62	0,591135535	0,98145278
10,64	0,58500983	0,99024189
10,66	0,575821169	0,975593355
10,68	0,575821169	0,914069475
10,7	0,566632485	0,85547528
10,72	0,5298779675	0,83203758
10,74	0,450243124	0,785162246
10,76	0,434928735	0,773443396
10,78	0,4226772445	0,77930281
10,8	0,3032249505	0,796881096
10,82	0,1194522595	0,796881096
10,84	-0,3552939145	0,796881096
10,86	-0,162332551	0,80567025
10,88	0,098012108	0,81738899
10,9	0,2052128655	0,85254554
10,92	0,1072007414	0,87598324
10,94	0,174584076	0,925788325
10,96	0,744279425	0,98145278
10,98	1,1424536425	1,01367959
11	2,2940959	1,08692232
11,02	3,08125572	1,14258672
11,04	4,229835125	1,29786151
11,06	3,75508902	1,50001137
11,08	3,21295947	1,63184835
11,1	2,6065095	1,9423976
11,12	2,54218908	2,11232087
11,14	2,389045075	2,40529168
11,16	2,11951187	2,55763673
11,18	2,05212854	2,6103715
11,2	2,21139825	2,7041223
11,22	2,346165025	2,71584115
11,24	2,44723979	2,48146415
11,26	2,235901185	2,09767228
11,28	1,97861939	1,94532723
11,3	1,154705225	1,30958036
11,32	0,5941983875	0,84375643
11,34	-0,728965036	-0,0439456457
11,36	-1,80403536	-0,8964912
11,38	-2,02762549	-1,31836947
11,4	-1,7182748	-1,92188964
11,42	-0,69527344	-2,15333668
11,44	-0,404299957	-2,73341937
11,46	-0,67077039	-3,33986906
11,48	-0,8974233725	-3,6094025
11,5	-0,66770748	-4,08401554
11,52	0,220527243	-4,4502293
11,54	0,4379916105	-4,59671476
11,56	0,196024216	-4,76077855
11,58	-0,0367545428	-4,78714566
11,6	-0,462494649	-4,79007573
11,62	-0,722839285	-4,64359016
11,64	-0,722839285	-4,49417507
11,66	-0,523752205	-4,1133125
11,68	-0,3981741945	-3,88186546
11,7	-0,275659071	-3,20510267
11,72	-0,346105265	-2,1709149
11,74	-0,413488595	-1,5879028
11,76	-0,539066617	-0,471683267
11,78	-0,560506734	0,0351565192
11,8	-0,51150068	0,94922597
11,82	-0,51150068	1,29786151
11,84	-0,560506734	1,13086787
11,86	-0,69527344	0,878912947
11,88	-0,7749082375	0,97266367
11,9	-0,91273775	1,29493177
11,92	-0,8239143145	1,39747157
11,94	-0,6432044645	1,32715858
11,96	-0,1378295355	1,051765847
11,98	0,1378295355	0,8964912
12	0,1500810375	0,64160646
12,02	0,2113386165	0,498050663
12,04	0,413488595	0,498050663
12,06	1,32010064	0,568363675
12,08	2,25427853	0,60937965
12,1	2,456428405	0,71484919
12,12	2,35229073	0,85547528
12,14	2,16851797	0,90821005
12,16	1,81016118	0,96680419
12,18	1,460993005	0,97266367
12,2	1,286408975	0,93750712
12,22	1,13939079	0,84082669
12,24	1,206774005	0,796881096
12,26	1,277220245	1,22461867
12,28	0,5941983875	1,37989324
12,3	0,1286408929	1,4238389
12,32	-0,6156385505	1,29786151
12,34	-1,22208844	1,02832818
12,36	-2,361479115	0,826178144
12,38	-0,606449901	0,720708593
