Tempo	C1	C2	C3	C4	C5
0	2,284907285	-2,5009067	0,97213095	1,5261124	0,30628785
0,02	1,56513091	-3,454394	0,700467	1,4249043	-0,70579374
0,04	1,00156122	-4,1069202	0,836299	1,5527462	-1,5207857
0,06	-0,566632485	-4,4345155	1,1985177	2,0481334	-1,8057666
0,08	-1,48855885	-4,980507	1,422241	2,096074	-2,0587869
0,1	-3,228273905	-4,97518	1,5234491	2,2132626	-1,901648
0,12	-4,278841225	-4,76211	1,5953602	2,351758	-1,2358049
0,14	-4,33397303	-4,2454157	1,5713898	2,2612033	-1,1692206
0,16	-3,29259444	-4,045663	1,58737	1,8883312	-1,4568648
0,18	-2,416611035	-3,8272665	1,3450031	1,7311921	-2,3118074
0,2	-2,54525199	-3,6195233	1,1399235	1,5554096	-3,068205
0,22	-3,49168129	-3,4410772	0,8336356	1,3929439	-3,3292158
0,24	-4,05218807	-2,8977494	0,772378	1,2997258	-3,7207315
0,26	-4,958800345	-2,4423127	0,76971465	1,0946461	-3,8885238
0,28	-5,513181305	-1,0999728	0,700467	0,8735862	-4,0989304
0,3	-5,74596005	0,23704016	0,59925884	0,793685	-4,08295
0,32	-6,168637145	0,700467	0,40216926	0,7191106	-4,0989304
0,34	-6,1226943	0,67383325	0,35422856	0,70579374	-4,133554
0,36	-5,1548244	0,32759482	0,36221868	0,6871501	-4,07496
0,38	-3,98480474	0,07191106	0,39950588	0,6685065	-3,968425
0,4	-3,54681321	0,21040644	0,41548613	0,657853	-3,646157
0,42	-2,52074894	0,45810008	0,44211984	0,64453614	-3,251978
0,44	-1,83466423	1,4142509	0,45810008	0,64453614	-2,2478864
0,46	-0,51150068	2,0161731	0,4927239	0,67383325	-1,6992317
0,48	0,306287838	2,8418186	0,52468437	0,7111205	-0,52734774
0,5	0,618701426	2,1014009	0,5539815	0,72443736	0,65252626
0,52	1,28947177	1,4328945	0,6605164	0,7670513	1,2065078
0,54	1,61413701	0,9668042	0,72443736	0,793685	2,008183
0,56	1,92961352	1,0546955	0,85760593	0,8496159	2,181302
0,58	1,04750441	0,97213095	0,9401705	0,8842397	1,6193305
0,6	0,62176429	0,9428339	0,95881414	0,90821004	0,59925884
0,62	0,897423373	1,0839926	1,0067549	0,9854478	0,6818234
0,64	1,49468467	1,2864089	1,0520321	1,0360519	1,9682323
0,66	2,77803085	1,2198247	1,1319333	1,1692206	2,8604622
0,68	2,96180338	1,1612304	1,12927	1,3956072	3,939128
0,7	2,52074894	1,0493687	1,1026362	1,5394293	2,7113132
0,72	1,58963396	0,9987647	1,0946461	1,8563707	1,6113404
0,74	1,3476666	0,93750715	1,1692206	2,0188365	0,6978036
0,76	0,9372408	0,91620016	1,4888252	2,2718568	0,90821004
0,78	0,327727989	0,90821004	1,7631526	2,4210057	0,836299
0,8	0,039817419	0,90821004	1,829737	2,4529662	0,40216926
0,82	-0,107200741	0,91620016	1,9442619	2,5275404	0,14382212
0,84	0,471683287	0,91620016	2,0348167	2,6207585	-0,005326745
0,86	0,851480171	0,8842397	2,1839654	2,7193034	0,80966526
0,88	1,26803163	0,8789129	2,2931638	2,5088968	1,2544484
0,9	1,24659149	0,91620016	2,4423127	2,3890452	1,4169142
0,92	0,903549135	0,94816065	2,6926696	1,8164201	1,1905276
0,94	0,508437816	0,9801211	2,7219667	1,2597752	0,68448675
0,96	0,376734043	0,9694676	2,7645807	0,49006054	0,46875358
0,98	0,248093146	0,9801211	3,2280076	0,19975294	0,42880297
1	0,238904519	1,0413786	3,646157	-0,037287217	0,36754543
1,02	0,376734043	1,0706757	4,0216928	-0,6392094	0,33292156
1,04	0,71671358	1,107963	3,7180681	-1,0946461	0,35156518
1,06	0,909674898	1,1452502	2,5488474	-2,02949	0,58860534
1,08	1,22208844	1,1798741	1,6326474	-2,5541742	0,73509085
1,1	1,32316355	1,2810822	1,2491218	-2,7912145	0,9987647
1,12	1,399735495	1,3663101	0,18377271	-3,3398693	1,1052996
1,14	1,43649007	1,400934	-0,31427795	-3,603543	1,222488
1,16	1,525313425	1,494152	-0,9641409	-4,08295	1,2651019
1,18	1,80097245	1,5527462	-1,7498357	-4,5517035	1,3316863
1,2	1,914299085	1,672598	-2,1839654	-4,7354765	1,5926968
1,22	2,12257478	1,8270736	-2,9137297	-4,868645	1,7578259
1,24	2,526874645	1,9309452	-3,2413244	-4,8872886	2,1546683
1,26	2,68308156	2,1573317	-3,8618903	-4,96719	2,4849267
1,28	2,689207265	2,2691934	-4,3865747	-5,076388	2,5009067
1,3	2,82703695	2,4609563	-4,6129613	-5,105685	2,6713626
1,32	3,647888205	2,559501	-5,004477	-4,6768823	3,38781
1,34	4,24208665	2,5941248	-5,174933	-3,6568105	3,6754541
1,36	4,40748218	2,8071947	-5,5158443	-3,2413244	3,7660089
1,38	4,46873946	2,9936306	-5,854093	-2,4476395	3,667464
1,4	3,5437503	3,3984635	-6,005905	-1,9123015	3,3611763
1,42	3,00774657	3,9923954	-6,2722425	-0,4181495	2,7965412
1,44	2,22671257	4,152198	-6,3654604	1,1958543	2,3171341
1,46	1,666205905	3,0735319	-6,2775693	1,6379741	0,72443736
1,48	0,422677245	1,8776777	-5,64635	1,3663101	-0,06658431
1,5	-0,55744387	0	-5,260161	1,0333885	-0,94816065
1,52	-1,240465785	-0,39417914	-4,2880297	0,721774	-1,7205386
1,54	-2,897482845	-0,5699617	-3,6301768	1,0973095	-2,2478864
1,56	-3,67545405	-1,3343496	-2,1466782	1,5527462	-3,345196
1,58	-4,68926691	-1,787123	-0,16779247	2,109391	-3,6967611
1,6	-4,8424108	-2,737947	0,8842397	2,26653	-3,8405833
1,62	-4,60350635	-3,6541471	2,3996987	2,2825103	-3,7233949
1,64	-4,0613768	-3,9417913	2,351758	1,952252	-3,7154047
1,66	-4,05831389	-4,3705945	1,1479136	1,7338555	-4,0057125
1,68	-4,60044367	-5,161616	1,0067549	1,4169142	-4,3359704
1,7	-5,44273495	-5,6170526	1,4728451	1,3316863	-5,302775
1,72	-5,86234925	-6,117767	2,2478864	1,2890723	-6,179024
1,74	-6,520868	-6,1523905	2,330451	1,251785	-6,32551
1,76	-6,7077039	-6,2136483	2,1972823	1,2171613	-6,4480247
1,78	-6,8914762	-6,3335	2,0774305	1,0919827	-6,5598865
1,8	-6,187014375	-6,290886	2,159995	0,9961013	-5,641023
1,82	-5,4090434	-5,971281	1,8909945	0,8256455	-3,824603
1,84	-4,321721505	-5,7289143	1,4994787	0,70313036	-3,273285
1,86	-4,015433495	-5,009804	0,82298213	0,6498629	-1,7791328
1,88	-2,12257478	-3,9497814	0,6818234	0,5832786	-0,585942
1,9	1,2496544	-3,3318791	0,78036815	0,564635	1,2864089
1,92	2,318599065	-1,8963213	0,8922298	0,5539815	1,5554096
1,94	2,416611035	-1,0760025	0,82298213	0,5726251	1,3663101
1,96	1,73358912	0,4767437	0,5912687	0,58860534	1,0786659
1,98	1,577382435	1,4542015	0,44744658	0,5939321	0,52468437
2	1,127139265	1,3902805	0,4181495	0,585942	0,292971
2,02	1,13632788	-0,05060408	0,38086227	0,62056583	1,1905276
2,04	2,113386165	-0,49805066	0,36221868	0,7191106	2,2079358
2,06	3,46717824	0,018643608	0,3489018	0,7563978	4,0536532
2,08	3,770403455	0,91620016	0,3781989	0,793685	3,9657617
2,1	2,94342615	1,2384683	0,4181495	0,79901177	2,92971
2,12	2,18995811	1,7578259	0,543328	0,8043385	0,7643879
2,14	1,53756495	2,3996987	0,58860534	0,793685	0,522021
2,16	1,29253468	2,4183424	0,63121927	0,7830315	0,8043385
2,18	0,906612045	1,58737	0,67383325	0,7963484	0,57795185
2,2	0,024503027	1,2411317	0,7377542	0,84162575	0,35689193
2,22	-0,266470422	1,1479136	0,9534874	0,9961013	-0,098544784
2,24	-0,364482518	0,9854478	1,0360519	1,2544484	-0,10919827
2,26	0,77797109	0,89489317	1,1239432	1,4355578	0,64453614
2,28	1,5130619	1,0014281	1,2624385	1,7631526	1,4355578
2,3	2,16239215	1,1452502	1,3130426	2,0534601	1,4994787
2,32	2,015373965	1,2837455	1,3210328	2,202609	1,0120816
2,34	1,19452248	1,1692206	1,3396764	2,394372	0,6978036
2,36	0,388985545	1,0973095	1,4408846	2,436986	0,38086227
2,38	0,159269676	0,9961013	1,5074688	2,444976	0,3888524
2,4	0,055131811	0,9694676	1,5367659	2,516887	0,46076345
2,42	0,159269676	0,91620016	1,5926968	2,5541742	0,7191106
2,44	0,58500983	0,8256455	1,6060137	2,4423127	0,86825943
2,46	0,973995375	0,793685	1,6166672	2,181302	1,1479136
2,48	1,07507037	0,78036815	1,7098851	1,4728451	1,464855
2,5	1,234339965	0,793685	1,7844596	1,1532403	1,6246573
2,52	1,34460369	0,8602693	1,8776777	1,014745	1,8563707
2,54	1,31397482	0,9534874	1,973559	0,3409117	2,008183
2,56	1,16695675	0,9854478	2,3144708	-0,031960472	2,130698
2,58	1,151642315	1,0200717	2,5195503	-0,7750414	2,3144708
2,6	1,29253468	1,0333885	2,588798	-1,5474194	2,2212527
2,62	1,49468467	1,0573589	2,780561	-1,8483806	2,26653
2,64	1,6110741	1,086656	2,9776504	-2,4316592	3,132126
2,66	2,012311055	1,1052996	3,6195233	-2,7326202	3,4357505
2,68	2,257341325	1,1425868	3,8672168	-3,259968	3,6221867
2,7	2,48399425	1,1905276	3,574246	-3,6781175	3,5875628
2,72	2,75046489	1,2304782	2,5728178	-3,8299298	3,3505228
2,74	3,0659414	1,3263595	2,02949	-4,0643067	2,71664
2,76	3,66626555	1,3609834	1,0387152	-4,1788316	1,8883312
2,78	3,82859817	1,4249043	0,17844597	-4,29602	-0,14382212
2,8	3,862289835	1,5580729	-0,15181224	-4,3519506	-0,6125757
2,82	3,488618495	1,6379741	-0,75107104	-4,410545	-0,8709228
2,84	3,23746252	1,7791328	-1,1878642	-4,4558225	-1,5607363
2,86	2,77496794	1,8537073	-2,1200445	-4,3759212	-1,9655689
2,88	2,27571867	2,0188365	-2,7752342	-4,016366	-2,8151848
2,9	0,3124136	2,173312	-3,0708685	-3,489018	-3,1827302
2,92	-0,75959386	2,2478864	-3,7074146	-3,1774035	-3,6621373
2,94	-0,96480676	2,3863819	-4,003049	-2,7033231	-4,045663
2,96	-2,137889215	2,4130156	-4,418535	-2,5488474	-4,232099
2,98	-2,90667146	2,3677382	-4,6715555	-1,9788858	-4,5277333
3	-3,98786765	2,3570848	-4,796734	-0,8629327	-4,626278
3,02	-4,162451795	2,4210057	-5,0577445	-0,2530204	-4,810051
3,04	-4,092005555	2,6287487	-5,1882496	0,7883583	-5,1669426
3,06	-3,94192446	2,7539272	-5,40931	1,1772107	-5,332072
3,08	-4,0215592	3,1401162	-5,513181	1,4568648	-5,1509624
3,1	-4,24514956	3,4357505	-5,521171	0,836299	-4,7993975
3,12	-4,952674525	3,2120273	-5,4359436	0,4767437	-4,149534
3,14	-5,36309975	1,7205386	-5,324082	0,27432737	-3,3798199
3,16	-6,1226943	0,34357506	-4,980507	0,54599136	-2,7619174
3,18	-6,248272	0,111861646	-4,644922	1,1319333	-1,2278148
3,2	-5,865412275	-0,26900062	-4,5277333	1,4355578	0,386189
3,22	-4,89754295	-0,67916	-4,1575246	1,5048054	1,0493687
3,24	-4,686204	-1,7045584	-3,8059595	1,2837455	1,4834985
3,26	-4,42585941	-2,6820161	-2,737947	1,0946461	1,2864089
3,28	-3,350789155	-3,0788586	-1,2757554	0,75107104	0,5939321
3,3	-2,667767125	-3,5635924	-0,522021	0,5326745	0,5193576
3,32	-1,418112725	-3,7447019	0,7457443	0,53800124	0,9534874
3,34	-0,71671358	-4,31999	1,1985177	0,59659547	1,9442619
3,36	0,820851439	-5,0817146	1,7258654	0,5513181	2,2958272
3,38	1,44567857	-5,382676	2,0135098	0,5326745	2,5355306
3,4	1,33847787	-5,6809735	2,1227078	0,54865474	1,6646079
3,42	0,569695395	-5,7448945	1,5367659	0,5699617	1,1372601
3,44	0,361419643	-5,8274593	0,7883583	0,6232292	0,91620016
3,46	1,53756495	-5,667657	0,09055467	0,6392094	0,9881112
3,48	3,3691665	-5,5158443	1,1399235	0,63121927	0,8602693
3,5	3,880667065	-5,3347354	1,6033503	0,5806152	0,43412971
3,52	3,21602238	-5,262824	1,9868759	0,54599136	0,18110934
3,54	2,0796945	-4,9485464	1,9629055	0,4767437	-0,037287217
3,56	0,53600373	-4,4984365	1,6166672	0,42081288	0,14115874
3,58	0,71671358	-4,234762	1,3476665	0,39151576	0,772378
3,6	0,71671358	-3,4277604	1,1319333	0,33292156	1,0360519
3,62	0,159269676	-2,7832243	0,42880297	0,3009611	0,9694676
3,64	-0,266470422	-1,0813292	0,26367387	0,25568378	0,6285559
3,66	-0,94642945	0,42880297	0,4953873	0,28764424	0,4447832
3,68	-0,502312065	0,9028833	0,5406646	0,3196047	0,1464855
3,7	0,11945226	1,3689735	0,41015938	0,36221868	0,026633725
3,72	1,24659149	1,4701817	0,22105992	0,3781989	0,055930823
3,74	1,49162176	1,1692206	0,19176282	0,45010996	0,22905004
3,76	1,206774005	-0,23171341	0,22372329	0,543328	0,4181495
3,78	0,44411735	-0,53533787	0,21040644	0,564635	0,5060408
3,8	0,147018174	0,045277335	0,16779247	0,52734774	0,71644723
3,82	-0,088823482	1,1212798	0,11452502	0,48739716	0,8336356
3,84	0,033691664	1,5048054	0,14914887	0,41548613	0,9907746
3,86	0,177646952	1,7578259	0,3302582	0,36488205	1,0174084
3,88	0,526815092	1,8776777	0,41282275	0,3595553	1,0546955
3,9	0,71671358	2,0135098	0,3781989	0,40216926	1,273092
3,92	1,11488774	1,6779248	0,29829773	0,44211984	1,3902805
3,94	1,378295355	1,4914886	0,28764424	0,48739716	1,5820433
3,96	1,41198702	1,3023891	0,2903076	0,52734774	1,901648
3,98	1,38135815	1,1745473	0,25568378	0,59925884	2,0241632
4	1,424238545	0,93750715	0,2530204	0,836299	2,1892922
4,02	1,690708955	0,793685	0,31427795	0,99343795	2,2958272
4,04	1,908173265	0,7111205	0,35422856	1,3689735	2,343768
4,06	2,033751195	0,62056583	0,36488205	1,6832515	2,1040642
4,08	2,389045075	0,6232292	0,37020877	1,7977765	1,901648
4,1	2,48399425	0,6471995	0,38352564	1,9309452	0,9614775
4,12	2,477868545	0,63388264	0,4181495	1,9336084	0,24769364
4,14	2,431925355	0,6045856	0,4554367	1,8403904	-1,0493687
4,16	2,35535341	0,54599136	0,5193576	1,6619445	-2,415679
4,18	2,16545506	0,543328	0,47408032	1,566063	-3,1294627
4,2	2,012311055	0,5539815	0,44744658	1,4355578	-4,1229005
4,22	1,130202118	0,55930823	0,46076345	1,4115875	-4,2241087
4,24	-0,211338617	0,54599136	0,4767437	1,3503299	-3,7180681
4,26	-0,82697719	0,5326745	0,51669425	1,0387152	-2,895086
4,28	-2,235901185	0,6045856	0,6658431	0,8336356	-2,8844326
4,3	-3,70302001	0,6711699	0,7377542	0,42081288	-3,8991773
4,32	-4,22064651	0,8043385	0,71644723	0,17844597	-4,234762
4,34	-4,582066095	0,836299	0,6498629	-0,31694132	-3,8938506
4,36	-4,4227965	0,81232864	0,6045856	-0,793685	-2,8604622
4,38	-3,35997777	0,76971465	0,6392094	-1,0174084	-2,381055
4,4	-2,4594912	0,7643879	0,64187276	-1,4302311	-1,5607363
4,42	-2,689207265	0,7750414	0,6258925	-1,7817962	-0,8735862
4,44	-4,211457895	0,7883583	0,6125757	-1,9655689	-0,4847338
4,46	-4,922046	0,8336356	0,5513181	-2,3357778	0,8256455
4,48	-5,4182319	0,9348438	0,41548613	-2,4716098	1,3183694
4,5	-5,02005797	1,014745	0,292971	-2,6207585	1,0919827
4,52	-4,698455755	1,2091712	-0,07457443	-2,6713626	0,18377271
4,54	-3,58356767	1,2917356	-0,3009611	-2,6633725	-0,02130698
4,56	-2,51462312	1,3849537	-0,585942	-2,567491	0,05326745
4,58	0,183772703	1,4328945	-0,7963484	-2,4902534	0,10387153
4,6	1,04750441	1,4675183	-0,9002199	-2,309144	-0,07723781
4,62	0,58194692	1,5713898	-0,8256455	-2,0428069	-0,29563436
4,64	0,0428803	1,6353108	-0,6818234	-1,8723509	-0,23171341
4,66	0,44718026	1,765816	-0,37020877	-1,4834985	-0,005326745
4,68	1,332352165	1,8723509	-0,12784189	-1,2917356	0,045277335
4,7	0,80247414	1,9149649	-0,018643608	-0,9401705	0,034623843
4,72	0,266470422	1,9975294	0,18643607	-0,46342683	-0,047940705
4,74	-0,24503027	2,0907474	0,27699074	-0,05326745	-0,07457443
4,76	-0,147018174	2,1440148	0,41548613	0,700467	-0,07457443
4,78	0,272596184	2,245223	0,50337744	0,69514024	-0,07990117
4,8	0,471683287	2,2718568	0,5140309	0,2530204	-0,12784189
4,82	0,425740086	2,3251243	0,47141695	0,22905004	-0,1065349
4,84	0,159269676	2,3783917	0,45010996	0,35156518	-0,058594197
4,86	-0,012251514	2,3704016	0,41548613	0,42081288	0,034623843
4,88	-0,367545405	2,2345695	0,38352564	0,38086227	0,06658431
4,9	-0,58500983	2,0587869	0,3781989	0,35689193	0,15980235
4,92	-0,603387026	1,2970624	0,40483263	0,34623843	0,26367387
4,94	-0,493123416	0,292971	0,43945646	0,36488205	0,2610105
4,96	-0,303224951	0	0,51669425	0,4181495	0,16246572
4,98	-0,22359013	-0,07723781	0,5832786	0,4261396	0,42880297
5	-0,180709816	-0,069247685	0,62056583	0,42880297	0,73509085
5,02	-0,217464368	-0,407496	0,69514024	0,40483263	1,2331415
5,04	-0,303224951	-0,9747943	0,7377542	0,36488205	1,3769636
5,06	-0,327727989	-1,1692206	0,8389624	0,25568378	1,5953602
5,08	-0,327727989	-1,5687264	1,0014281	0,21040644	1,6566178
5,1	-0,306287838	-1,880341	1,1132897	0,15713897	1,6060137
5,12	-0,260344671	-2,5967882	1,379627	0,14115874	1,3343496
5,14	-0,030628784	-3,017601	1,5101322	0,13316862	1,1266066
5,16	0,186835578	-3,1267993	1,7551625	0,09588141	0,6871501
5,18	0,211338617	-3,4623842	1,9309452	0,07191106	0,25035703
5,2	0,159269676	-4,0057125	1,9815491	0,04261396	-0,039950587
5,22	0,1562068	-4,237426	2,0161731	0,01065349	-0,6392094
5,24	0,33385374	-4,5357237	2,008183	-0,005326745	-0,9215269
5,26	0,71671358	-4,6502485	1,994866	-0,026633725	-1,8164201
5,28	0,931115049	-4,783417	1,973559	-0,026633725	-2,9536803
5,3	1,304786205	-4,666229	1,9069748	0	-3,3398693
5,32	1,418112725	-4,578337	1,6619445	0,06658431	-3,6861076
5,34	1,49468467	-4,4931097	1,4275677	0,1065349	-3,6434937
5,36	1,577382435	-4,469139	0,7430809	0,16246572	-2,7033231
5,38	1,67539452	-4,31999	0,16779247	0,18909945	-1,7205386
5,4	1,6110741	-3,989732	-0,13316862	0,25568378	-1,7844596
5,42	1,21902553	-3,781989	-0,80167514	0,33558494	-2,6287487
5,44	-0,052068935	-3,3478594	-1,1132897	0,3781989	-2,8498087
5,46	-1,393609675	-3,1427796	-1,6672713	0,47141695	-1,8936579
5,48	-1,990870915	-2,7139766	-2,194619	0,5326745	-0,1464855
5,5	-2,65857851	-2,1626585	-2,4822633	0,5539815	-0,04261396
5,52	-1,78259522	-1,7951131	-3,030918	0,58860534	-0,793685
5,54	-1,02606427	-0,83097225	-3,2786117	0,64187276	-0,5619716
5,56	-0,523752205	-0,3116146	-3,7287216	0,7670513	-0,2903076
5,58	-0,949492325	0,3382483	-4,08295	0,90821004	0,3009611
5,6	-2,287970195	0,11985177	-4,2081285	1,0040915	0,52468437
5,62	-2,89442005	-0,05326745	-4,317327	1,1026362	0,80167514
5,64	-2,839288475	-0,122515135	-4,2427526	1,150577	0,7084571
5,66	-2,456428405	-0,087891296	-3,824603	1,3529932	0,41548613
5,68	-2,278781465	0,21573317	-3,188057	1,464855	-0,11985177
5,7	-2,24815271	0,56729835	-2,8178482	1,4834985	-0,17844597
5,72	-2,48399425	0,55930823	-2,0454702	1,566063	-0,1464855
5,74	-2,49624589	0,1944262	-1,6752614	1,629984	-0,23171341
5,76	-2,09807173	-0,087891296	-0,9135368	1,765816	-0,2823175
5,78	-1,647828675	-0,08522792	0,15713897	1,7844596	-0,21573317
5,8	-0,456368875	0	0,8389624	1,7418456	-0,08522792
5,82	-0,058194692	0,039950587	1,6406375	1,5713898	0,2130698
5,84	-0,526815092	0,1651291	1,5474194	1,4302311	0,35422856
5,86	-1,73971494	0,271664	1,3716369	1,0573589	0,34357506
5,88	-1,75502926	0,25834712	1,8270736	0,51669425	0,25834712
5,9	-0,370608281	0,18377271	2,0001929	0,19975294	0,28498086
5,92	0,701399191	0,17045584	1,6805881	-0,52468437	0,700467
5,94	0,66770748	0,122515135	0,7883583	-0,8842397	1,3849537
5,96	0,560506734	0	0,4447832	-1,5580729	1,6805881
5,98	0,69221053	-0,037287217	0,20507969	-2,138688	2,0507967
6	0,634015815	-0,039950587	0,27699074	-2,351758	2,1919556
6,02	0,202149979	-0,007990118	0,4847338	-2,6420655	2,5088968
6,04	0,10107499	0,14382212	0,3968425	-2,7645807	2,6580458
6,06	0,082697719	0,32759482	0,27699074	-3,0335813	2,5914614
6,08	-0,055131811	0,3595553	0,111861646	-3,337206	2,2825103
6,1	-0,174584076	0,3382483	0,037287217	-3,4863546	1,9043114
6,12	-0,275659071	0,3382483	-0,093218036	-3,7367117	1,4994787
6,14	-0,189898465	0,34357506	-0,117188394	-3,8405833	0,13849537
6,16	0,143955298	0,28498086	-0,13050525	-3,9870687	-0,64187276
6,18	0,44718026	0,24503027	-0,18377271	-4,0323462	-2,109391
6,2	0,594198388	0,1651291	-0,1944262	-3,981742	-3,217354
6,22	0,98624682	0,047940705	-0,15980235	-3,6221867	-3,3052454
6,24	1,16389384	-0,02130698	-0,12784189	-3,337206	-2,2319062
6,26	1,500810375	-0,12517852	-0,11985177	-2,7752342	-1,6566178
6,28	2,21446116	-0,13050525	-0,07191106	-2,159995	-1,4968153
6,3	2,554440605	-0,058594197	-0,037287217	-1,6912416	-2,2825103
6,32	2,88829423	0,04261396	0,029297099	-0,4554367	-2,7486005
6,34	2,93423742	0,069247685	0,098544784	0,18110934	-3,3798199
6,36	2,784156555	0,07457443	0,13849537	1,1425868	-3,5263052
6,38	2,284907285	0,07990117	0,22905004	1,0733391	-3,7660089
6,4	1,89898465	0,10387153	0,26900062	0,8735862	-3,939128
6,42	1,11182483	0,14382212	0,32226807	0,772378	-3,9018407
6,44	0,87598321	0,15980235	0,36754543	1,243795	-3,531632
6,46	0,183772703	0,1651291	0,39417914	1,608677	-3,2626314
6,48	-1,620262715	0,15713897	0,45810008	1,8909945	-2,7699075
6,5	-2,713710315	0,14914887	0,4927239	1,8963213	-2,0561235
6,52	-4,392167745	0,15713897	0,585942	1,693905	-1,5101322
6,54	-4,76890165	0,16779247	0,700467	1,3130426	-0,26367387
6,56	-4,15020027	0,19176282	0,75107104	1,1425868	0,35689193
6,58	-2,7627163	0,19975294	0,8709228	0,94816065	1,4462113
6,6	-2,480931455	0,21839654	0,9694676	0,9215269	1,9682323
6,62	-2,765779325	0,2423669	1,1958543	0,9534874	1,8909945
6,64	-3,15170196	0,25834712	1,3743002	0,9961013	1,1239432
6,66	-4,039936545	0,292971	1,4621916	0,98278445	0,61790246
6,68	-4,6188209	0,30362448	1,651291	0,8735862	0,271664
6,7	-4,75052465	0,31427795	1,7365189	0,814992	0,7111205
6,72	-4,698455755	0,3409117	1,8403904	0,75107104	1,0919827
6,74	-3,93273573	0,36221868	1,8776777	0,721774	2,5355306
6,76	-3,38141791	0,38086227	1,901648	0,70313036	3,4703743
6,78	-2,618761025	0,37287214	2,0721037	0,69514024	3,2146907
6,8	-2,232838275	0,38086227	2,1546683	0,6978036	1,4755085
6,82	-0,664644628	0,42347625	2,1999457	0,70313036	0,6019222
6,84	1,041378671	0,4554367	2,2345695	0,72443736	0,22105992
6,86	1,592696755	0,5193576	2,245223	0,7377542	0,67916
6,88	2,0306884	0,5806152	2,3118074	0,7537344	0,73509085
6,9	1,966367865	0,61790246	2,436986	0,75107104	0,4927239
6,92	1,154705225	0,6978036	2,895086	0,75107104	0,34623843
6,94	0,640141589	0,721774	3,3132355	0,78036815	0,38352564
6,96	1,19758539	0,7457443	3,2919285	0,79901177	0,73509085
6,98	2,790282375	0,772378	2,7139766	0,85760593	0,8789129
7	3,2221482	0,793685	2,2345695	0,9002199	0,9801211
7,02	3,0261238	0,8469525	1,1852008	0,99343795	0,94816065
7,04	1,862230075	0,8709228	0,17311922	1,044042	0,7670513
7,06	1,27415745	0,91620016	-0,22638667	1,0387152	0,5539815
7,08	0,793285525	0,9801211	-0,7643879	0,9747943	0,47940707
7,1	0,750405199	1,0253984	-1,1399235	0,950824	0,4447832
7,12	0,471683287	1,1186165	-1,9975294	0,9694676	0,48739716
7,14	-0,045943175	1,1638938	-2,6394022	1,0333885	0,657853
7,16	-0,229715881	1,2704287	-2,9643335	1,0786659	0,8070019
7,18	-0,162332551	1,4089241	-3,5342953	1,2198247	0,8389624
7,2	0,10107499	1,4675183	-3,7287216	1,315706	0,8815763
7,22	0,768782475	1,5474194	-4,0536532	1,5127956	0,9108734
7,24	1,121013445	1,5847067	-4,3652678	1,6406375	0,9428339
7,26	1,154705225	1,6992317	-4,5064263	1,693905	0,89489317
7,28	1,044441546	1,787123	-4,788744	1,8190835	0,8789129
7,3	0,793285525	1,787123	-4,940556	1,8483806	0,95881414
7,32	0,661581775	1,7045584	-5,2148833	1,8776777	1,2597752
7,34	0,496186291	1,4888252	-5,44926	1,9868759	1,4515381
7,36	0,474746163	1,3743002	-5,5158443	2,0561235	1,8643608
7,38	0,532940855	0,9108734	-5,483884	2,223916	2,1120543
7,4	0,679959005	0,4447832	-5,3720226	2,2558765	2,4423127
7,42	0,80247414	-0,47141695	-4,953873	2,1759753	2,3038173
7,44	1,065881709	-0,8789129	-4,418535	1,7578259	2,3277876
7,46	1,157768135	-1,0733391	-4,0696335	1,4888252	2,852472
7,48	1,20371121	-1,5847067	-3,2359977	0,9694676	3,110819
7,5	1,07507037	-1,8510439	-2,788551	0,31427795	3,2573047
7,52	0,98012108	-2,5142236	-1,7631526	-0,026633725	3,2679582
7,54	0,833102964	-3,2626314	-0,3595553	-0,7457443	3,2892652
7,56	0,80553705	-3,5289686	0,41015938	-1,0946461	3,110819
7,58	0,839228715	-3,760682	1,7631526	-1,7285287	2,844482
7,6	0,96480676	-3,8299298	2,301154	-2,3597481	1,7604892
7,62	1,081196075	-4,1015935	2,7565906	-2,6580458	0,1065349
7,64	1,43036425	-4,487783	1,4888252	-3,1720767	-0,41282275
7,66	1,60801119	-4,6715555	0,7830315	-3,3931367	-0,92685366
7,68	1,889796035	-4,911259	0,8469525	-3,7979693	-1,2491218
7,7	2,180769495	-4,932566	1,379627	-4,2054653	-2,0614502
7,72	2,321661975	-4,831358	1,9842125	-4,3919015	-2,887096
7,74	2,438051175	-4,6529117	1,7311921	-4,604971	-3,217354
7,76	2,49624589	-4,5650206	1,6805881	-4,6529117	-3,6434937
7,78	2,99243225	-4,3120003	1,7817962	-4,783417	-3,8352566
7,8	3,67545405	-3,8219397	1,8031032	-4,8846254	-4,2853665
7,82	3,831660965	-3,4943447	1,6006869	-4,876635	-4,74613
7,84	3,82553526	-2,666036	1,1212798	-4,6715555	-4,9725165
7,86	3,81328385	-2,1147177	0,8709228	-4,445169	-5,3933296
7,88	3,767340545	-0,6898135	0,6285559	-3,8059595	-5,569112
7,9	3,28646862	0,70579374	0,63388264	-3,0202644	-5,7608747
7,92	2,84235127	1,1585671	0,68448675	-2,4796	-5,790172
7,94	1,44261566	1,1052996	0,636546	-1,0733391	-5,8247957
7,96	-0,049006054	0,6978036	0,5939321	-0,33558494	-5,369359
7,98	-0,542129493	0,11985177	0,5140309	0,9108734	-3,8618903
8	-1,748903555	0,08256455	0,48207045	1,3183694	-3,17474
8,02	-2,5084973	0,26900062	0,45810008	1,2278148	-1,8537073
8,04	-3,834723875	1,0253984	0,46076345	1,1026362	-0,9028833
8,06	-4,6463864	1,4542015	0,4554367	1,0786659	1,0546955
8,08	-4,77809015	2,0934107	0,4554367	1,5287758	2,1014009
8,1	-4,686204	2,0428069	0,46342683	1,9975294	2,223916
8,12	-4,61575776	1,7098851	0,50337744	2,066777	1,9815491
8,14	-4,72908405	1,1958543	0,5619716	2,152005	1,5847067
8,16	-5,2926542	1,1985177	0,59659547	2,1493416	0,7963484
8,18	-5,69695395	1,0999728	0,6471995	1,922955	1,5500828
8,2	-6,42898185	0,5832786	0,65518963	1,6672713	2,3677382
8,22	-6,60050297	0,54599136	0,6764966	1,6113404	3,7899792
8,24	-6,78121305	1,0999728	0,7191106	1,5207857	3,925811
8,26	-6,928230775	1,379627	0,7297641	1,4621916	2,279847
8,28	-6,5606856	1,5048054	0,75107104	1,315706	0,23437679
8,3	-4,9496115	1,3236961	0,78036815	1,1239432	0,1065349
8,32	-4,33397303	1,201181	0,9108734	1,0253984	0,60991234
8,34	-3,693831395	0,95881414	1,1931909	0,83097225	0,6764966
8,36	-1,80097245	0,8442891	1,3929439	0,7430809	0,44744658
8,38	-0,352231028	0,8176554	1,7764695	0,62056583	0,002663373
8,4	1,8744816	0,7377542	1,9362718	0,54599136	-0,08522792
8,42	2,364542025	0,69514024	2,2185893	0,5140309	0,5300111
8,44	2,42579965	0,65252626	2,3970354	0,4927239	0,9907746
8,46	1,77953231	0,6818234	2,4183424	0,50071406	1,4781717
8,48	1,356855215	0,721774	2,2532132	0,49805066	1,3822904
8,5	0,6248272	0,79901177	2,2079358	0,50337744	1,1772107
8,52	0,753468075	0,82031876	2,3837185	0,52468437	0,74041754
8,54	1,05669306	0,8256455	2,546184	0,56729835	0,5806152
8,56	2,09807173	0,80167514	2,6047783	0,5832786	0,56729835
8,58	2,8025339	0,78036815	2,7752342	0,585942	0,5699617
8,6	3,4947442	0,7777048	2,9217198	0,6019222	0,564635
8,62	2,6463271	0,8043385	3,3318791	0,62056583	0,58860534
8,64	1,94799075	0,86825943	3,7553554	0,6471995	0,7457443
8,66	1,16695675	0,9215269	3,7473652	0,6605164	0,8735862
8,68	1,124076355	0,9534874	2,8684523	0,6658431	1,0893193
8,7	0,903549135	1,0120816	2,1919556	0,6978036	1,1132897
8,72	0,168458325	1,0413786	1,1425868	0,72443736	0,9774577
8,74	-0,189898465	1,12927	0,037287217	0,80167514	0,87624955
8,76	-0,529877968	1,243795	-0,58860534	0,9321804	0,9694676
8,78	-0,395111319	1,2890723	-1,3290229	1,0094182	1,379627
8,8	0,529877968	1,3609834	-1,5687264	1,1958543	1,5820433
8,82	1,372169535	1,4462113	-2,2851737	1,3023891	1,9069748
8,84	1,503873285	1,4968153	-3,017601	1,4781717	2,2851737
8,86	1,28947177	1,5980235	-3,323889	1,6646079	2,3917086
8,88	1,035252885	1,6619445	-3,7899792	1,7631526	2,3890452
8,9	0,52068933	1,8324003	-3,9524448	1,8670242	2,4796
8,92	0,205212866	1,9815491	-4,2214456	1,9069748	2,873779
8,94	0,147018174	2,0268266	-4,4984365	2,0454702	3,1347895
8,96	0,266470422	2,117381	-4,6555753	2,2105992	3,1640866
8,98	0,425740086	2,173312	-4,996487	2,2612033	2,9829772
9	0,771845385	2,26653	-5,1509624	2,3144708	2,865789
9,02	1,041378671	2,4183424	-5,3933296	2,3411045	2,7326202
9,04	1,16695675	2,5435207	-5,5531316	2,2212527	2,2052724
9,06	1,399735495	2,8711157	-5,5877557	1,6166672	1,515459
9,08	1,38442106	3,110819	-5,505191	1,2651019	-0,13050525
9,1	1,280283155	3,7420385	-5,3800125	0,86825943	-0,84162575
9,12	1,212899825	3,5689192	-4,75412	0,66317976	-0,9907746
9,14	1,329289255	2,7938778	-3,739375	0,058594197	-1,3263595
9,16	1,60801119	0,79102165	-3,0841854	-0,636546	-1,5713898
9,18	1,748903555	0,22105992	-1,2091712	-1,0626856	-2,2691934
9,2	1,846915755	-0,1464855	-0,20241632	-1,8057666	-2,8684523
9,22	2,21752407	-0,80966526	1,3929439	-2,096074	-3,0921755
9,24	2,42579965	-1,2304782	1,8190835	-2,6580458	-3,7020879
9,26	2,5483149	-1,9415985	1,5633997	-3,1720767	-4,05898
9,28	2,42579965	-2,2745202	0,97213095	-3,38781	-4,3705945
9,3	2,5084973	-2,8711157	1,1585671	-3,7873158	-4,197475
9,32	2,95874047	-3,3638396	2,2505498	-4,003049	-4,170841
9,34	3,19764515	-3,6701274	2,8258383	-4,3652678	-4,469139
9,36	3,68770569	-4,402555	2,895086	-4,5224066	-4,703516
9,38	4,0215592	-4,96719	3,009611	-4,581001	-4,9645267
9,4	3,880667065	-5,1509624	2,8258383	-4,7221594	-4,7993975
9,42	3,17620501	-5,4386067	1,4808351	-4,7807536	-4,626278
9,44	2,88523132	-5,569112	0,46076345	-4,7940707	-4,0643067
9,46	2,11951187	-5,7448945	0,4554367	-4,4584856	-3,6408303
9,48	0,630952951	-5,649013	0,8442891	-4,1069202	-2,6340754
9,5	0,027565905	-5,5371513	0,8895664	-3,2999187	-1,5021421
9,52	-0,69221053	-5,324082	0,60724896	-2,4103522	-0,8789129
9,54	-1,078133223	-5,1935763	0,37553552	-1,8936579	0,47141695
9,56	-2,137889215	-4,75412	0,35422856	-0,7297641	1,0893193
9,58	-3,44880101	-3,9124942	0,29563436	-0,10387153	1,8430538
9,6	-3,929672935	-3,2999187	0,23970354	0,9534874	1,9975294
9,62	-4,30946998	-1,7152119	0,1065349	0,95881414	1,8696876
9,64	-4,3155958	-0,8176554	0,029297099	0,7883583	1,1239432
9,66	-4,19920637	0,80966526	0,013316862	0,6392094	0,7830315
9,68	-3,96642751	1,5048054	0,005326745	0,7191106	0,5806152
9,7	-4,042999455	1,1692206	0,031960472	1,400934	0,12784189
9,72	-4,612695195	-0,015980236	0,122515135	1,8856678	0,04261396
9,74	-5,34472275	-0,25834712	0,2530204	1,9149649	1,107963
9,76	-5,6050678	0,10120816	0,3302582	1,6619445	2,309144
9,78	-5,798028945	0,86559606	0,49805066	1,515459	2,3783917
9,8	-5,80415465	1,1559037	0,5912687	1,2384683	1,3956072
9,82	-5,709205705	1,6193305	0,81232864	1,1266066	0,8043385
9,84	-4,72295823	1,8403904	1,065349	1,0893193	0,46076345
9,86	-3,94805005	1,8723509	1,1852008	1,044042	0,5752885
9,88	-2,698395995	1,3236961	1,3956072	1,0520321	0,52468437
9,9	-2,159329355	1,1612304	1,494152	1,0493687	0,29829773
9,92	-0,82697719	1,0227351	1,7391822	0,8842397	0,1944262
9,94	0,450243124	0,7830315	2,0694404	0,7856949	0,039950587
9,96	1,016875655	0,79102165	2,2505498	0,657853	0,08522792
9,98	2,10113464	1,2144979	2,666036	0,6152391	0,21040644
